8
17
26
35
44
53
62
71
80
99
107
116
125
134
143
152
161
170
189
198
206
215
224
233
242
251
260
279
288
297
305
314
323
332
341
350
369
378
387
396
404
413
422
431
440
459
468
477
486
495
503
512
521
530
549
558
567
576
585
594
602
611
620
639
648
657
666
675
684
693
701
710
729
738
747
756
765
774
783
792
800
819
828
837
846
855
864
873
882
891
909
918
927
936
945
954
963
972
981
990
1007
1016
1025
1034
1043
1052
1061
1070
1089
1098
1106
1115
1124
1133
1142
1151
1160
1179
1188
1197
1205
1214
1223
1232
1241
1250
1269
1278
1287
1296
1304
1313
1322
1331
1340
1359
1368
1377
1386
1395
1403
1412
1421
1430
1449
1458
1467
1476
1485
1494
1502
1511
1520
1539
1548
1557
1566
1575
1584
1593
1601
1610
1629
1638
1647
1656
1665
1674
1683
1692
1700
1719
1728
1737
1746
1755
1764
1773
1782
1791
1809
1818
1827
1836
1845
1854
1863
1872
1881
1890
1908
1917
1926
1935
1944
1953
1962
1971
1980
1999
2006
2015
2024
2033
2042
2051
2060
2079
2088
2097
2105
2114
2123
2132
2141
2150
2169
2178
2187
2196
2204
2213
2222
2231
2240
2259
2268
2277
2286
2295
2303
2312
2321
2330
2349
2358
2367
2376
2385
2394
2402
2411
2420
2439
2448
2457
2466
2475
2484
2493
2501
2510
2529
2538
2547
2556
2565
2574
2583
2592
2600
2619
2628
2637
2646
2655
2664
2673
2682
2691
2709
2718
2727
2736
2745
2754
2763
2772
2781
2790
2808
2817
2826
2835
2844
2853
2862
2871
2880
2899
2907
2916
2925
2934
2943
2952
2961
2970
2989
2998
3005
3014
3023
3032
3041
3050
3069
3078
3087
3096
3104
3113
3122
3131
3140
3159
3168
3177
3186
3195
3203
3212
3221
3230
3249
3258
3267
3276
3285
3294
3302
3311
3320
3339
3348
3357
3366
3375
3384
3393
3401
3410
3429
3438
3447
3456
3465
3474
3483
3492
3500
3519
3528
3537
3546
3555
3564
3573
3582
3591
3609
3618
3627
3636
3645
3654
3663
3672
3681
3690
3708
3717
3726
3735
3744
3753
3762
3771
3780
3799
3807
3816
3825
3834
3843
3852
3861
3870
3889
3898
3906
3915
3924
3933
3942
3951
3960
3979
3988
3997
4004
4013
4022
4031
4040
4059
4068
4077
4086
4095
4103
4112
4121
4130
4149
4158
4167
4176
4185
4194
4202
4211
4220
4239
4248
4257
4266
4275
4284
4293
4301
4310
4329
4338
4347
4356
4365
4374
4383
4392
4400
4419
4428
4437
4446
4455
4464
4473
4482
4491
4509
4518
4527
4536
4545
4554
4563
4572
4581
4590
4608
4617
4626
4635
4644
4653
4662
4671
4680
4699
4707
4716
4725
4734
4743
4752
4761
4770
4789
4798
4806
4815
4824
4833
4842
4851
4860
4879
4888
4897
4905
4914
4923
4932
4941
4950
4969
4978
4987
4996
