2
11
20
39
48
57
66
75
84
93
101
110
129
138
147
156
165
174
183
192
200
219
228
237
246
255
264
273
282
291
309
318
327
336
345
354
363
372
381
390
408
417
426
435
444
453
462
471
480
499
507
516
525
534
543
552
561
570
589
598
606
615
624
633
642
651
660
679
688
697
705
714
723
732
741
750
769
778
787
796
804
813
822
831
840
859
868
877
886
895
903
912
921
930
949
958
967
976
985
994
1001
1010
1029
1038
1047
1056
1065
1074
1083
1092
1100
1119
1128
1137
1146
1155
1164
1173
1182
1191
1209
1218
1227
1236
1245
1254
1263
1272
1281
1290
1308
1317
1326
1335
1344
1353
1362
1371
1380
1399
1407
1416
1425
1434
1443
1452
1461
1470
1489
1498
1506
1515
1524
1533
1542
1551
1560
1579
1588
1597
1605
1614
1623
1632
1641
1650
1669
1678
1687
1696
1704
1713
1722
1731
1740
1759
1768
1777
1786
1795
1803
1812
1821
1830
1849
1858
1867
1876
1885
1894
1902
1911
1920
1939
1948
1957
1966
1975
1984
1993
2000
2019
2028
2037
2046
2055
2064
2073
2082
2091
2109
2118
2127
2136
2145
2154
2163
2172
2181
2190
2208
2217
2226
2235
2244
2253
2262
2271
2280
2299
2307
2316
2325
2334
2343
2352
2361
2370
2389
2398
2406
2415
2424
2433
2442
2451
2460
2479
2488
2497
2505
2514
2523
2532
2541
2550
2569
2578
2587
2596
2604
2613
2622
2631
2640
2659
2668
2677
2686
2695
2703
2712
2721
2730
2749
2758
2767
2776
2785
2794
2802
2811
2820
2839
2848
2857
2866
2875
2884
2893
2901
2910
2929
2938
2947
2956
2965
2974
2983
2992
3009
3018
3027
3036
3045
3054
3063
3072
3081
3090
3108
3117
3126
3135
3144
3153
3162
3171
3180
3199
3207
3216
3225
3234
3243
3252
3261
3270
3289
3298
3306
3315
3324
3333
3342
3351
3360
3379
3388
3397
3405
3414
3423
3432
3441
3450
3469
3478
3487
3496
3504
3513
3522
3531
3540
3559
3568
3577
3586
3595
3603
3612
3621
3630
3649
3658
3667
3676
3685
3694
3702
3711
3720
3739
3748
3757
3766
3775
3784
3793
3801
3810
3829
3838
3847
3856
3865
3874
3883
3892
3900
3919
3928
3937
3946
3955
3964
3973
3982
3991
