0
19
28
37
46
55
64
73
82
91
109
118
127
136
145
154
163
172
181
190
208
217
226
235
244
253
262
271
280
299
307
316
325
334
343
352
361
370
389
398
406
415
424
433
442
451
460
479
488
497
505
514
523
532
541
550
569
578
587
596
604
613
622
631
640
659
668
677
686
695
703
712
721
730
749
758
767
776
785
794
802
811
820
839
848
857
866
875
884
893
901
910
929
938
947
956
965
974
983
992
1009
1018
1027
1036
1045
1054
1063
1072
1081
1090
1108
1117
1126
1135
1144
1153
1162
1171
1180
1199
1207
1216
1225
1234
1243
1252
1261
1270
1289
1298
1306
1315
1324
1333
1342
1351
1360
1379
1388
1397
1405
1414
1423
1432
1441
1450
1469
1478
1487
1496
1504
1513
1522
1531
1540
1559
1568
1577
1586
1595
1603
1612
1621
1630
1649
1658
1667
1676
1685
1694
1702
1711
1720
1739
1748
1757
1766
1775
1784
1793
1801
1810
1829
1838
1847
1856
1865
1874
1883
1892
1900
1919
1928
1937
1946
1955
1964
1973
1982
1991
2008
2017
2026
2035
2044
2053
2062
2071
2080
2099
2107
2116
2125
2134
2143
2152
2161
2170
2189
2198
2206
2215
2224
2233
2242
2251
2260
2279
2288
2297
2305
2314
2323
2332
2341
2350
2369
2378
2387
2396
2404
2413
2422
2431
2440
2459
2468
2477
2486
2495
2503
2512
2521
2530
2549
2558
2567
2576
2585
2594
2602
2611
2620
2639
2648
2657
2666
2675
2684
2693
2701
2710
2729
2738
2747
2756
2765
2774
2783
2792
2800
2819
2828
2837
2846
2855
2864
2873
2882
2891
2909
2918
2927
2936
2945
2954
2963
2972
2981
2990
3007
3016
3025
3034
3043
3052
3061
3070
3089
3098
3106
3115
3124
3133
3142
3151
3160
3179
3188
3197
3205
3214
3223
3232
3241
3250
3269
3278
3287
3296
3304
3313
3322
3331
3340
3359
3368
3377
3386
3395
3403
3412
3421
3430
3449
3458
3467
3476
3485
3494
3502
3511
3520
3539
3548
3557
3566
3575
3584
3593
3601
3610
3629
3638
3647
3656
3665
3674
3683
3692
3700
3719
3728
3737
3746
3755
3764
3773
3782
3791
3809
3818
3827
3836
3845
3854
3863
3872
3881
3890
3908
3917
3926
3935
3944
3953
3962
3971
3980
3999
4006
4015
4024
4033
4042
4051
4060
4079
4088
4097
4105
4114
4123
4132
4141
4150
4169
4178
4187
4196
4204
4213
4222
4231
4240
4259
4268
4277
4286
4295
4303
4312
4321
4330
4349
4358
4367
4376
4385
4394
4402
4411
4420
4439
4448
4457
4466
4475
4484
4493
4501
4510
4529
4538
4547
4556
4565
4574
4583
4592
4600
4619
4628
4637
4646
4655
4664
4673
4682
4691
4709
4718
4727
4736
4745
4754
4763
4772
4781
4790
4808
4817
4826
4835
4844
4853
4862
4871
4880
4899
4907
4916
4925
4934
4943
4952
4961
4970
4989
4998
