6
15
24
33
42
51
60
79
88
97
105
114
123
132
141
150
169
178
187
196
204
213
222
231
240
259
268
277
286
295
303
312
321
330
349
358
367
376
385
394
402
411
420
439
448
457
466
475
484
493
501
510
529
538
547
556
565
574
583
592
600
619
628
637
646
655
664
673
682
691
709
718
727
736
745
754
763
772
781
790
808
817
826
835
844
853
862
871
880
899
907
916
925
934
943
952
961
970
989
998
1005
1014
1023
1032
1041
1050
1069
1078
1087
1096
1104
1113
1122
1131
1140
1159
1168
1177
1186
1195
1203
1212
1221
1230
1249
1258
1267
1276
1285
1294
1302
1311
1320
1339
1348
1357
1366
1375
1384
1393
1401
1410
1429
1438
1447
1456
1465
1474
1483
1492
1500
1519
1528
1537
1546
1555
1564
1573
1582
1591
1609
1618
1627
1636
1645
1654
1663
1672
1681
1690
1708
1717
1726
1735
1744
1753
1762
1771
1780
1799
1807
1816
1825
1834
1843
1852
1861
1870
1889
1898
1906
1915
1924
1933
1942
1951
1960
1979
1988
1997
2004
2013
2022
2031
2040
2059
2068
2077
2086
2095
2103
2112
2121
2130
2149
2158
2167
2176
2185
2194
2202
2211
2220
2239
2248
2257
2266
2275
2284
2293
2301
2310
2329
2338
2347
2356
2365
2374
2383
2392
2400
2419
2428
2437
2446
2455
2464
2473
2482
2491
2509
2518
2527
2536
2545
2554
2563
2572
2581
2590
2608
2617
2626
2635
2644
2653
2662
2671
2680
2699
2707
2716
2725
2734
2743
2752
2761
2770
2789
2798
2806
2815
2824
2833
2842
2851
2860
2879
2888
2897
2905
2914
2923
2932
2941
2950
2969
2978
2987
2996
3003
3012
3021
3030
3049
3058
3067
3076
3085
3094
3102
3111
3120
3139
3148
3157
3166
3175
3184
3193
3201
3210
3229
3238
3247
3256
3265
3274
3283
3292
3300
3319
3328
3337
3346
3355
3364
3373
3382
3391
3409
3418
3427
3436
3445
3454
3463
3472
3481
3490
3508
3517
3526
3535
3544
3553
3562
3571
3580
3599
3607
3616
3625
3634
3643
3652
3661
3670
3689
3698
3706
3715
3724
3733
3742
3751
3760
3779
3788
3797
3805
3814
3823
3832
3841
3850
3869
3878
3887
3896
3904
3913
3922
3931
3940
3959
3968
3977
3986
3995
4002
4011
4020
4039
4048
4057
4066
4075
4084
4093
4101
4110
4129
4138
4147
4156
4165
4174
4183
4192
4200
4219
4228
4237
4246
4255
4264
4273
4282
4291
4309
4318
4327
4336
4345
4354
4363
4372
4381
4390
4408
4417
4426
4435
4444
4453
4462
4471
4480
4499
4507
4516
4525
4534
4543
4552
4561
4570
4589
4598
4606
4615
4624
4633
4642
4651
4660
4679
4688
4697
4705
4714
4723
4732
4741
4750
4769
4778
4787
4796
4804
4813
4822
4831
4840
4859
4868
4877
4886
4895
4903
4912
4921
4930
4949
4958
4967
4976
4985
4994
