9
18
27
36
45
54
63
72
81
90
108
117
126
135
144
153
162
171
180
199
207
216
225
234
243
252
261
270
289
298
306
315
324
333
342
351
360
379
388
397
405
414
423
432
441
450
469
478
487
496
504
513
522
531
540
559
568
577
586
595
603
612
621
630
649
658
667
676
685
694
702
711
720
739
748
757
766
775
784
793
801
810
829
838
847
856
865
874
883
892
900
919
928
937
946
955
964
973
982
991
1008
1017
1026
1035
1044
1053
1062
1071
1080
1099
1107
1116
1125
1134
1143
1152
1161
1170
1189
1198
1206
1215
1224
1233
1242
1251
1260
1279
1288
1297
1305
1314
1323
1332
1341
1350
1369
1378
1387
1396
1404
1413
1422
1431
1440
1459
1468
1477
1486
1495
1503
1512
1521
1530
1549
1558
1567
1576
1585
1594
1602
1611
1620
1639
1648
1657
1666
1675
1684
1693
1701
1710
1729
1738
1747
1756
1765
1774
1783
1792
1800
1819
1828
1837
1846
1855
1864
1873
1882
1891
1909
1918
1927
1936
1945
1954
1963
1972
1981
1990
2007
2016
2025
2034
2043
2052
2061
2070
2089
2098
2106
2115
2124
2133
2142
2151
2160
2179
2188
2197
2205
2214
2223
2232
2241
2250
2269
2278
2287
2296
2304
2313
2322
2331
2340
2359
2368
2377
2386
2395
2403
2412
2421
2430
2449
2458
2467
2476
2485
2494
2502
2511
2520
2539
2548
2557
2566
2575
2584
2593
2601
2610
2629
2638
2647
2656
2665
2674
2683
2692
2700
2719
2728
2737
2746
2755
2764
2773
2782
2791
2809
2818
2827
2836
2845
2854
2863
2872
2881
2890
2908
2917
2926
2935
2944
2953
2962
2971
2980
2999
3006
3015
3024
3033
3042
3051
3060
3079
3088
3097
3105
3114
3123
3132
3141
3150
3169
3178
3187
3196
3204
3213
3222
3231
3240
3259
3268
3277
3286
3295
3303
3312
3321
3330
3349
3358
3367
3376
3385
3394
3402
3411
3420
3439
3448
3457
3466
3475
3484
3493
3501
3510
3529
3538
3547
3556
3565
3574
3583
3592
3600
3619
3628
3637
3646
3655
3664
3673
3682
3691
3709
3718
3727
3736
3745
3754
3763
3772
3781
3790
3808
3817
3826
3835
3844
3853
3862
3871
3880
3899
3907
3916
3925
3934
3943
3952
3961
3970
3989
3998
