5
14
23
32
41
50
69
78
87
96
104
113
122
131
140
159
168
177
186
195
203
212
221
230
249
258
267
276
285
294
302
311
320
339
348
357
366
375
384
393
401
410
429
438
447
456
465
474
483
492
500
519
528
537
546
555
564
573
582
591
609
618
627
636
645
654
663
672
681
690
708
717
726
735
744
753
762
771
780
799
807
816
825
834
843
852
861
870
889
898
906
915
924
933
942
951
960
979
988
997
1004
1013
1022
1031
1040
1059
1068
1077
1086
1095
1103
1112
1121
1130
1149
1158
1167
1176
1185
1194
1202
1211
1220
1239
1248
1257
1266
1275
1284
1293
1301
1310
1329
1338
1347
1356
1365
1374
1383
1392
1400
1419
1428
1437
1446
1455
1464
1473
1482
1491
1509
1518
1527
1536
1545
1554
1563
1572
1581
1590
1608
1617
1626
1635
1644
1653
1662
1671
1680
1699
1707
1716
1725
1734
1743
1752
1761
1770
1789
1798
1806
1815
1824
1833
1842
1851
1860
1879
1888
1897
1905
1914
1923
1932
1941
1950
1969
1978
1987
1996
2003
2012
2021
2030
2049
2058
2067
2076
2085
2094
2102
2111
2120
2139
2148
2157
2166
2175
2184
2193
2201
2210
2229
2238
2247
2256
2265
2274
2283
2292
2300
2319
2328
2337
2346
2355
2364
2373
2382
2391
2409
2418
2427
2436
2445
2454
2463
2472
2481
2490
2508
2517
2526
2535
2544
2553
2562
2571
2580
2599
2607
2616
2625
2634
2643
2652
2661
2670
2689
2698
2706
2715
2724
2733
2742
2751
2760
2779
2788
2797
2805
2814
2823
2832
2841
2850
2869
2878
2887
2896
2904
2913
2922
2931
2940
2959
2968
2977
2986
2995
3002
3011
3020
3039
3048
3057
3066
3075
3084
3093
3101
3110
3129
3138
3147
3156
3165
3174
3183
3192
3200
3219
3228
3237
3246
3255
3264
3273
3282
3291
3309
3318
3327
3336
3345
3354
3363
3372
3381
3390
3408
3417
3426
3435
3444
3453
3462
3471
3480
3499
3507
3516
3525
3534
3543
3552
3561
3570
3589
3598
3606
3615
3624
3633
3642
3651
3660
3679
3688
3697
3705
3714
3723
3732
3741
3750
3769
3778
3787
3796
3804
3813
3822
3831
3840
3859
3868
3877
3886
3895
3903
3912
3921
3930
3949
3958
3967
3976
3985
3994
4001
4010
4029
4038
4047
4056
4065
4074
4083
4092
4100
4119
4128
4137
4146
4155
4164
4173
4182
4191
4209
4218
4227
4236
4245
4254
4263
4272
4281
4290
4308
4317
4326
4335
4344
4353
4362
4371
4380
4399
4407
4416
4425
4434
4443
4452
4461
4470
4489
4498
4506
4515
4524
4533
4542
4551
4560
4579
4588
4597
4605
4614
4623
4632
4641
4650
4669
4678
4687
4696
4704
4713
4722
4731
4740
4759
4768
4777
4786
4795
4803
4812
4821
4830
4849
4858
4867
4876
4885
4894
4902
4911
4920
4939
4948
4957
4966
4975
4984
4993
