3
12
21
30
49
58
67
76
85
94
102
111
120
139
148
157
166
175
184
193
201
210
229
238
247
256
265
274
283
292
300
319
328
337
346
355
364
373
382
391
409
418
427
436
445
454
463
472
481
490
508
517
526
535
544
553
562
571
580
599
607
616
625
634
643
652
661
670
689
698
706
715
724
733
742
751
760
779
788
797
805
814
823
832
841
850
869
878
887
896
904
913
922
931
940
959
968
977
986
995
1002
1011
1020
1039
1048
1057
1066
1075
1084
1093
1101
1110
1129
1138
1147
1156
1165
1174
1183
1192
1200
1219
1228
1237
1246
1255
1264
1273
1282
1291
1309
1318
1327
1336
1345
1354
1363
1372
1381
1390
1408
1417
1426
1435
1444
1453
1462
1471
1480
1499
1507
1516
1525
1534
1543
1552
1561
1570
1589
1598
1606
1615
1624
1633
1642
1651
1660
1679
1688
1697
1705
1714
1723
1732
1741
1750
1769
1778
1787
1796
1804
1813
1822
1831
1840
1859
1868
1877
1886
1895
1903
1912
1921
1930
1949
1958
1967
1976
1985
1994
2001
2010
2029
2038
2047
2056
2065
2074
2083
2092
2100
2119
2128
2137
2146
2155
2164
2173
2182
2191
2209
2218
2227
2236
2245
2254
2263
2272
2281
2290
2308
2317
2326
2335
2344
2353
2362
2371
2380
2399
2407
2416
2425
2434
2443
2452
2461
2470
2489
2498
2506
2515
2524
2533
2542
2551
2560
2579
2588
2597
2605
2614
2623
2632
2641
2650
2669
2678
2687
2696
2704
2713
2722
2731
2740
2759
2768
2777
2786
2795
2803
2812
2821
2830
2849
2858
2867
2876
2885
2894
2902
2911
2920
2939
2948
2957
2966
2975
2984
2993
3000
3019
3028
3037
3046
3055
3064
3073
3082
3091
3109
3118
3127
3136
3145
3154
3163
3172
3181
3190
3208
3217
3226
3235
3244
3253
3262
3271
3280
3299
3307
3316
3325
3334
3343
3352
3361
3370
3389
3398
3406
3415
3424
3433
3442
3451
3460
3479
3488
3497
3505
3514
3523
3532
3541
3550
3569
3578
3587
3596
3604
3613
3622
3631
3640
3659
3668
3677
3686
3695
3703
3712
3721
3730
3749
3758
3767
3776
3785
3794
3802
3811
3820
3839
3848
3857
3866
3875
3884
3893
3901
3910
3929
3938
3947
3956
3965
3974
3983
3992
4009
4018
4027
4036
4045
4054
4063
4072
4081
4090
4108
4117
4126
4135
4144
4153
4162
4171
4180
4199
4207
4216
4225
4234
4243
4252
4261
4270
4289
4298
4306
4315
4324
4333
4342
4351
4360
4379
4388
4397
4405
4414
4423
4432
4441
4450
4469
4478
4487
4496
4504
4513
4522
4531
4540
4559
4568
4577
4586
4595
4603
4612
4621
4630
4649
4658
4667
4676
4685
4694
4702
4711
4720
4739
4748
4757
4766
4775
4784
4793
4801
4810
4829
4838
4847
4856
4865
4874
4883
4892
4900
4919
4928
4937
4946
4955
4964
4973
4982
4991
