4
13
22
31
40
59
68
77
86
95
103
112
121
130
149
158
167
176
185
194
202
211
220
239
248
257
266
275
284
293
301
310
329
338
347
356
365
374
383
392
400
419
428
437
446
455
464
473
482
491
509
518
527
536
545
554
563
572
581
590
608
617
626
635
644
653
662
671
680
699
707
716
725
734
743
752
761
770
789
798
806
815
824
833
842
851
860
879
888
897
905
914
923
932
941
950
969
978
987
996
1003
1012
1021
1030
1049
1058
1067
1076
1085
1094
1102
1111
1120
1139
1148
1157
1166
1175
1184
1193
1201
1210
1229
1238
1247
1256
1265
1274
1283
1292
1300
1319
1328
1337
1346
1355
1364
1373
1382
1391
1409
1418
1427
1436
1445
1454
1463
1472
1481
1490
1508
1517
1526
1535
1544
1553
1562
1571
1580
1599
1607
1616
1625
1634
1643
1652
1661
1670
1689
1698
1706
1715
1724
1733
1742
1751
1760
1779
1788
1797
1805
1814
1823
1832
1841
1850
1869
1878
1887
1896
1904
1913
1922
1931
1940
1959
1968
1977
1986
1995
2002
2011
2020
2039
2048
2057
2066
2075
2084
2093
2101
2110
2129
2138
2147
2156
2165
2174
2183
2192
2200
2219
2228
2237
2246
2255
2264
2273
2282
2291
2309
2318
2327
2336
2345
2354
2363
2372
2381
2390
2408
2417
2426
2435
2444
2453
2462
2471
2480
2499
2507
2516
2525
2534
2543
2552
2561
2570
2589
2598
2606
2615
2624
2633
2642
2651
2660
2679
2688
2697
2705
2714
2723
2732
2741
2750
2769
2778
2787
2796
2804
2813
2822
2831
2840
2859
2868
2877
2886
2895
2903
2912
2921
2930
2949
2958
2967
2976
2985
2994
3001
3010
3029
3038
3047
3056
3065
3074
3083
3092
3100
3119
3128
3137
3146
3155
3164
3173
3182
3191
3209
3218
3227
3236
3245
3254
3263
3272
3281
3290
3308
3317
3326
3335
3344
3353
3362
3371
3380
3399
3407
3416
3425
3434
3443
3452
3461
3470
3489
3498
3506
3515
3524
3533
3542
3551
3560
3579
3588
3597
3605
3614
3623
3632
3641
3650
3669
3678
3687
3696
3704
3713
3722
3731
3740
3759
3768
3777
3786
3795
3803
3812
3821
3830
3849
3858
3867
3876
3885
3894
3902
3911
3920
3939
3948
3957
3966
3975
3984
3993
