1
10
29
38
47
56
65
74
83
92
100
119
128
137
146
155
164
173
182
191
209
218
227
236
245
254
263
272
281
290
308
317
326
335
344
353
362
371
380
399
407
416
425
434
443
452
461
470
489
498
506
515
524
533
542
551
560
579
588
597
605
614
623
632
641
650
669
678
687
696
704
713
722
731
740
759
768
777
786
795
803
812
821
830
849
858
867
876
885
894
902
911
920
939
948
957
966
975
984
993
1000
1019
1028
1037
1046
1055
1064
1073
1082
1091
1109
1118
1127
1136
1145
1154
1163
1172
1181
1190
1208
1217
1226
1235
1244
1253
1262
1271
1280
1299
1307
1316
1325
1334
1343
1352
1361
1370
1389
1398
1406
1415
1424
1433
1442
1451
1460
1479
1488
1497
1505
1514
1523
1532
1541
1550
1569
1578
1587
1596
1604
1613
1622
1631
1640
1659
1668
1677
1686
1695
1703
1712
1721
1730
1749
1758
1767
1776
1785
1794
1802
1811
1820
1839
1848
1857
1866
1875
1884
1893
1901
1910
1929
1938
1947
1956
1965
1974
1983
1992
2009
2018
2027
2036
2045
2054
2063
2072
2081
2090
2108
2117
2126
2135
2144
2153
2162
2171
2180
2199
2207
2216
2225
2234
2243
2252
2261
2270
2289
2298
2306
2315
2324
2333
2342
2351
2360
2379
2388
2397
2405
2414
2423
2432
2441
2450
2469
2478
2487
2496
2504
2513
2522
2531
2540
2559
2568
2577
2586
2595
2603
2612
2621
2630
2649
2658
2667
2676
2685
2694
2702
2711
2720
2739
2748
2757
2766
2775
2784
2793
2801
2810
2829
2838
2847
2856
2865
2874
2883
2892
2900
2919
2928
2937
2946
2955
2964
2973
2982
2991
3008
3017
3026
3035
3044
3053
3062
3071
3080
3099
3107
3116
3125
3134
3143
3152
3161
3170
3189
3198
3206
3215
3224
3233
3242
3251
3260
3279
3288
3297
3305
3314
3323
3332
3341
3350
3369
3378
3387
3396
3404
3413
3422
3431
3440
3459
3468
3477
3486
3495
3503
3512
3521
3530
3549
3558
3567
3576
3585
3594
3602
3611
3620
3639
3648
3657
3666
3675
3684
3693
3701
3710
3729
3738
3747
3756
3765
3774
3783
3792
3800
3819
3828
3837
3846
3855
3864
3873
3882
3891
3909
3918
3927
3936
3945
3954
3963
3972
3981
3990
