7
16
25
34
43
52
61
70
89
98
106
115
124
133
142
151
160
179
188
197
205
214
223
232
241
250
269
278
287
296
304
313
322
331
340
359
368
377
386
395
403
412
421
430
449
458
467
476
485
494
502
511
520
539
548
557
566
575
584
593
601
610
629
638
647
656
665
674
683
692
700
719
728
737
746
755
764
773
782
791
809
818
827
836
845
854
863
872
881
890
908
917
926
935
944
953
962
971
980
999
1006
1015
1024
1033
1042
1051
1060
1079
1088
1097
1105
1114
1123
1132
1141
1150
1169
1178
1187
1196
1204
1213
1222
1231
1240
1259
1268
1277
1286
1295
1303
1312
1321
1330
1349
1358
1367
1376
1385
1394
1402
1411
1420
1439
1448
1457
1466
1475
1484
1493
1501
1510
1529
1538
1547
1556
1565
1574
1583
1592
1600
1619
1628
1637
1646
1655
1664
1673
1682
1691
1709
1718
1727
1736
1745
1754
1763
1772
1781
1790
1808
1817
1826
1835
1844
1853
1862
1871
1880
1899
1907
1916
1925
1934
1943
1952
1961
1970
1989
1998
2005
2014
2023
2032
2041
2050
2069
2078
2087
2096
2104
2113
2122
2131
2140
2159
2168
2177
2186
2195
2203
2212
2221
2230
2249
2258
2267
2276
2285
2294
2302
2311
2320
2339
2348
2357
2366
2375
2384
2393
2401
2410
2429
2438
2447
2456
2465
2474
2483
2492
2500
2519
2528
2537
2546
2555
2564
2573
2582
2591
2609
2618
2627
2636
2645
2654
2663
2672
2681
2690
2708
2717
2726
2735
2744
2753
2762
2771
2780
2799
2807
2816
2825
2834
2843
2852
2861
2870
2889
2898
2906
2915
2924
2933
2942
2951
2960
2979
2988
2997
3004
3013
3022
3031
3040
3059
3068
3077
3086
3095
3103
3112
3121
3130
3149
3158
3167
3176
3185
3194
3202
3211
3220
3239
3248
3257
3266
3275
3284
3293
3301
3310
3329
3338
3347
3356
3365
3374
3383
3392
3400
3419
3428
3437
3446
3455
3464
3473
3482
3491
3509
3518
3527
3536
3545
3554
3563
3572
3581
3590
3608
3617
3626
3635
3644
3653
3662
3671
3680
3699
3707
3716
3725
3734
3743
3752
3761
3770
3789
3798
3806
3815
3824
3833
3842
3851
3860
3879
3888
3897
3905
3914
3923
3932
3941
3950
3969
3978
3987
3996
4003
4012
4021
4030
4049
4058
4067
4076
4085
4094
4102
4111
4120
4139
4148
4157
4166
4175
4184
4193
4201
4210
4229
4238
4247
4256
4265
4274
4283
4292
4300
4319
4328
4337
4346
4355
4364
4373
4382
4391
4409
4418
4427
4436
4445
4454
4463
4472
4481
4490
4508
4517
4526
4535
4544
4553
4562
4571
4580
4599
4607
4616
4625
4634
4643
4652
4661
4670
4689
4698
4706
4715
4724
4733
4742
4751
4760
4779
4788
4797
4805
4814
4823
4832
4841
4850
4869
4878
4887
4896
4904
4913
4922
4931
4940
4959
4968
4977
4986
4995
