0000000000000000
0000000000000109
0000000000000208
0000000000000307
0000000000000406
0000000000000505
0000000000000604
0000000000000703
0000000000000802
0000000000000901
0000000000010009
0000000000010108
0000000000010207
0000000000010306
0000000000010405
0000000000010504
0000000000010603
0000000000010702
0000000000010801
0000000000010900
0000000000020008
0000000000020107
0000000000020206
0000000000020305
0000000000020404
0000000000020503
0000000000020602
0000000000020701
0000000000020800
0000000000020909
0000000000030007
0000000000030106
0000000000030205
0000000000030304
0000000000030403
0000000000030502
0000000000030601
0000000000030700
0000000000030809
0000000000030908
0000000000040006
0000000000040105
0000000000040204
0000000000040303
0000000000040402
0000000000040501
0000000000040600
0000000000040709
0000000000040808
0000000000040907
0000000000000059
0000000000000158
0000000000000257
0000000000000356
0000000000000455
0000000000000554
0000000000000653
0000000000000752
0000000000000851
0000000000000950
0000000000010058
0000000000010157
0000000000010256
0000000000010355
0000000000010454
0000000000010553
0000000000010652
0000000000010751
0000000000010850
0000000000010959
0000000000020057
0000000000020156
0000000000020255
0000000000020354
0000000000020453
0000000000020552
0000000000020651
0000000000020750
0000000000020859
0000000000020958
0000000000030056
0000000000030155
0000000000030254
0000000000030353
0000000000030452
0000000000030551
0000000000030650
0000000000030759
0000000000030858
0000000000030957
0000000000040055
0000000000040154
0000000000040253
0000000000040352
0000000000040451
0000000000040550
0000000000040659
0000000000040758
0000000000040857
0000000000040956
0000000000000018
0000000000000117
0000000000000216
0000000000000315
0000000000000414
0000000000000513
0000000000000612
0000000000000711
0000000000000810
0000000000000919
0000000000010017
0000000000010116
0000000000010215
0000000000010314
0000000000010413
0000000000010512
0000000000010611
0000000000010710
0000000000010819
0000000000010918
0000000000020016
0000000000020115
0000000000020214
0000000000020313
0000000000020412
0000000000020511
0000000000020610
0000000000020719
0000000000020818
0000000000020917
0000000000030015
0000000000030114
0000000000030213
0000000000030312
0000000000030411
0000000000030510
0000000000030619
0000000000030718
0000000000030817
0000000000030916
0000000000040014
0000000000040113
0000000000040212
0000000000040311
0000000000040410
0000000000040519
0000000000040618
0000000000040717
0000000000040816
0000000000040915
0000000050106020
0000000050116029
0000000050126028
0000000050136027
0000000050146026
0000000050156025
0000000050166024
0000000050176023
0000000050186022
0000000050196021
0000000150106029
0000000150116028
0000000150126027
0000000150136026
0000000150146025
0000000150156024
0000000150166023
0000000150176022
0000000150186021
0000000150196020
0000000250106028
0000000250116027
0000000250126026
0000000250136025
0000000250146024
0000000250156023
0000000250166022
0000000250176021
0000000250186020
0000000250196029
0000000350106027
0000000350116026
0000000350126025
0000000350136024
0000000350146023
0000000350156022
0000000350166021
0000000350176020
0000000350186029
0000000350196028
0000000450106026
0000000450116025
0000000450126024
0000000450136023
0000000450146022
0000000450156021
0000000450166020
0000000450176029
0000000450186028
0000000450196027
0000000050106529
0000000050116528
0000000050126527
0000000050136526
0000000050146525
0000000050156524
0000000050166523
0000000050176522
0000000050186521
0000000050196520
0000000150106528
0000000150116527
0000000150126526
0000000150136525
0000000150146524
0000000150156523
0000000150166522
0000000150176521
0000000150186520
0000000150196529
0000000250106527
0000000250116526
0000000250126525
0000000250136524
0000000250146523
0000000250156522
0000000250166521
0000000250176520
0000000250186529
0000000250196528
0000000350106526
0000000350116525
0000000350126524
0000000350136523
0000000350146522
0000000350156521
0000000350166520
0000000350176529
0000000350186528
0000000350196527
0000000450106525
0000000450116524
0000000450126523
0000000450136522
0000000450146521
0000000450156520
0000000450166529
0000000450176528
0000000450186527
0000000450196526
